21029
40209
76186
9713
18135
57413
86676
56408
3113
79388
58659
46223
49058
73782
23568
4088
22084
75839
13426
99249
37053
55994
60161
28517
43160
96318
81390
20857
38724
31857
78354
59754
88418
70892
85819
6553
44657
72496
79313
47770
68236
37972
10346
17295
28107
33914
21383
66543
26105
51161
65792
63158
23507
42305
8027
66667
38623
89417
3877
77348
37626
98583
53454
26044
69475
39273
48949
14132
28121
28263
78255
96358
66235
88601
30005
10694
38867
67740
77237
64972
18901
43029
28130
42409
1686
52509
25428
40310
58279
45657
34010
95905
44240
87464
38302
30067
43089
87251
60552
71211
31866
55159
67569
14454
43760
97574
25148
98979
65314
18738
63951
567
78119
8433
59328
79806
60942
1109
20116
19221
63118
70478
31479
7359
57942
86133
53778
1031
89736
14330
72242
21603
69489
56163
52409
29601
70089
77557
28580
51755
12647
8883
68675
90767
33668
28003
70573
10963
45464
7041
46536
8583
77519
94367
32294
51813
80500
86072
52844
70237
16755
41439
8192
2596
97602
60601
32198
84044
38158
77130
35799
50806
2366
4474
57925
52386
48830
28498
63349
10646
51891
26238
19229
45762
20605
67875
97575
17458
53948
50419
87695
87055
91858
95887
89651
5813
72840
21849
89857
10998
15332
25656
78156
17698
46483
52433
86436
11665
97283
49786
22311
49174
92376
57893
94936
29333
25768
92511
46791
79716
59283
50838
66771
51141
46725
72775
73306
19565
94624
63163
46916
26308
5172
41424
44006
68007
93858
30443
79672
7493
96581
1983
56668
5309
59876
67956
34642
85645
76820
97786
81713
36103
48624
64837
3596
11702
37612
76903
47619
48588
56418
94535
74897
61590
52312
35255
29597
62522
82050
25621
70015
94983
27605
43035
292
3833
10992
51287
5830
4164
49073
3896
40267
97697
85085
43863
9399
39049
37118
57019
87637
93537
67906
78886
71479
36570
14142
17429
15444
12544
43050
1812
7528
87007
61199
24172
7193
88543
75459
13023
92707
24532
33271
32974
38582
18356
93190
64333
57405
30308
37704
61395
40197
21963
40281
11677
74885
70775
45458
90330
83320
88508
8494
90848
75516
69693
15020
99061
58237
6832
12084
50944
47716
61708
271
86298
96416
93461
66984
53822
40121
21040
31569
80319
43003
88202
8348
17889
58978
53806
24571
58650
42314
49417
49498
34182
19110
80870
33243
77347
4054
61680
44644
51771
39740
44915
54421
36156
38376
21405
6330
94849
42446
37899
75168
1801
42454
83516
36042
1432
37322
76965
60082
95989
26382
25932
46523
45493
23154
96119
39192
27209
74151
188
95332
13891
45103
49753
50047
99831
87511
56378
94681
46309
10629
86201
48110
53083
69718
505
70867
23392
77470
47301
35733
3853
73233
98609
65698
12740
94728
21242
56301
68879
21431
51633
99122
82886
1386
49169
82718
88897
21899
93751
51558
48881
96304
99669
1964
66022
174
89184
5767
93996
36485
57852
97849
26071
56461
79899
38811
51189
1142
11464
36420
22573
63097
35542
5459
64483
1064
4529
69733
22963
14632
21291
71844
10937
37312
90161
93311
53838
79345
15430
47835
32182
73283
62036
58253
29744
41936
13416
97286
43078
24880
33706
82003
87977
85601
87462
68813
86665
8344
54898
25980
39328
92541
97825
50265
29854
4338
43577
83692
35
75359
47879
32217
48642
9916
6823
78387
51852
20239
92025
11282
61472
25731
93285
49449
11332
97099
34614
14349
5443
89512
40330
61124
82054
54507
11389
28260
58845
71318
28304
75232
46678
76184
7449
95320
86100
30624
90059
54304
50864
82084
65586
12336
24168
58871
78137
51852
72322
12752
66202
94118
18616
6532
55242
670
61039
66631
45282
36236
54302
73587
11468
980
49771
35269
12652
52223
65894
19064
6527
33110
1148
88465
61798
41668
63688
56287
93521
36010
69039
76075
30128
4008
82607
85370
21030
59998
68354
66313
96234
22656
39900
24054
39988
6023
59323
68992
58246
41569
88056
81125
91031
5557
69590
69181
47225
33278
25469
57098
69288
10860
33173
15769
14868
32132
1139
35899
8482
85845
18564
4716
24853
58464
45122
81193
80839
20798
50186
39085
62367
54594
20210
69751
60151
89800
38932
23729
39430
80753
97179
8718
91614
46705
24487
22834
78837
41979
75085
87320
27824
93649
8388
69030
68465
53511
50223
49304
74309
16761
4741
53028
71356
24951
39131
31507
31103
94416
71588
70533
75169
68768
95604
66783
15473
36443
5970
10662
78422
81055
14334
22599
91057
22723
7981
59522
92586
58204
25179
83247
74966
29920
52627
62674
71224
8111
10533
2327
2527
82122
89213
77696
50890
1169
60832
82715
37612
66802
9729
32387
64209
24064
54986
55266
63139
79319
31141
72077
37523
56320
55324
28841
86240
24303
91515
57464
32414
18401
76144
34941
523
81709
28990
67765
82878
89822
66832
36842
72976
76561
69229
53537
625
40567
8804
63764
19886
56297
35841
73762
12617
7517
18955
15209
31821
26823
72674
80587
45224
65170
31881
45747
63231
60871
29864
62461
67045
96696
99303
56373
73257
84885
9910
73883
41804
35066
53999
61691
91363
89841
51805
20332
13710
70760
35542
61883
97583
8216
42471
42807
89738
74352
4906
69321
35223
34770
31782
18620
31466
47437
74993
4724
32322
1255
94959
74127
36322
48958
52170
44037
55151
3975
64370
68862
74735
99912
30745
88671
24480
89568
47830
30570
63920
52737
99891
15495
87507
31673
34115
35326
79110
25460
56402
27785
26716
51361
1912
79390
319
54082
39779
71823
74409
4149
40685
65496
20413
87782
54167
44893
77351
1998
91815
57623
54735
91706
89471
58594
39731
39938
93920
18842
65399
50322
46627
8467
18035
64891
4209
34707
35325
43988
6530
9734
48138
63567
75230
84903
67701
45750
29797
45052
47748
37964
19028
18835
29671
8499
77429
69402
48437
87702
4596
30188
54376
67575
38655
72412
48818
42864
7119
84143
3205
30001
10229
51343
93568
1812
36246
61269
63914
82395
22674
11662
36712
58054
30497
66383
66553
24278
52137
31342
11980
73086
77883
82709
40661
16538
71473
5832
75755
78592
6327
78960
24945
32909
46655
18513
51073
99253
96134
14987
98001
35160
26649
34713
93214
73498
17448
76119
14128
85937
23814
42461
59023
1697
25170
16037
34587
96643
38221
26694
91587
44548
22006
16532
77457
68661
51397
28530
84267
63883
43517
98620
99044
86518
49685
8610
76368
83485
1082
90497
69422
24896
32958
44798
26593
74480
77187
77532
71123
15408
4227
79062
59956
26233
11946
53766
11247
63343
98648
11866
43578
58518
10486
58974
45036
76523
67585
37757
60008
68667
44606
29430
9915
77564
90580
52860
68396
67767
30392
55871
99527
50971
34933
75836
77205
46879
29602
4804
26574
28250
16670
70152
3120
43508
45479
64509
20031
13064
2266
80039
98083
46872
25821
7998
40788
16402
60858
9184
521
7602
65055
49
58574
16340
92237
52131
79571
21839
56935
6145
66441
89957
92649
69562
33465
38128
34071
69848
67544
52689
49887
65627
15913
92060
89977
56701
8462
67187
82237
25336
74790
63644
41737
33364
96336
33974
85495
75907
72165
58782
98404
54958
48739
7405
40872
98556
61886
74943
68404
29430
43984
18291
11410
59897
10351
17739
32950
35166
84927
31539
76854
59717
95183
18591
9433
7871
68917
94928
83778
41082
70062
82182
96040
18801
89588
36913
17357
51474
28208
2113
97256
72193
20404
25018
48442
47107
42758
97745
98625
44037
29284
75479
3754
40820
10422
29539
48691
79339
24467
32470
20421
10881
31004
32814
29682
36944
69727
63391
4770
14287
65504
2027
2832
2260
43397
51275
65719
86155
49020
80697
30192
94656
56176
50298
35476
66599
79837
84168
45938
20656
32990
82712
31537
63994
15526
77571
939
1605
57314
22061
32244
22818
24088
35077
41430
67486
2704
23502
69993
68076
4199
16538
62732
60375
66836
98209
43326
63026
98729
5617
83682
31719
4681
15220
12065
36559
9143
29356
54516
66458
51418
86760
5628
91858
21837
63411
75696
40893
86913
45690
8969
91112
78580
71702
67839
45416
86263
27518
8442
1344
49487
8477
49415
54168
40049
61480
90727
49192
7189
45243
15650
74959
48355
37631
83169
70193
1042
58866
11086
4307
20908
36408
11771
99488
8110
79610
61256
10725
23480
69699
12069
72967
78176
61484
27135
18225
39316
34214
83769
62857
79457
15772
54168
27813
53403
37338
14358
70797
12556
41796
75104
33464
78204
86875
49304
2666
82837
10560
29743
6318
96611
58164
79285
74787
19648
22773
9364
75317
56987
9486
54526
52797
25258
8695
96962
95013
46033
27672
65810
58589
69468
57266
8405
64025
44141
57709
83043
43330
68269
12787
49648
64881
87303
45286
56020
23304
68059
81737
98621
25046
91223
69499
77843
32833
78194
91157
27846
40579
18829
93656
15520
88298
50922
40277
68675
11415
97986
68070
54745
82608
97209
20746
63841
84513
66032
36213
7817
34091
17950
22790
75489
25525
92289
69685
58358
86836
60842
86204
27415
79672
96212
59288
84322
63486
99565
69349
74901
13904
37419
45999
96512
34629
66745
76705
19142
49129
12918
26959
83220
47221
49749
75061
72746
58390
44746
47457
45226
5589
50013
88994
1613
46226
48282
85935
26064
64199
55284
17318
78103
92703
63317
90967
43684
46414
67672
62826
95543
96943
6137
95115
44164
55886
70176
16910
14277
14923
80719
75855
36864
30733
64849
38477
93311
13131
24412
19375
93683
96048
53045
88138
5103
16362
79106
48788
79128
63130
27966
74671
60073
34104
86138
4237
6342
56315
37500
36971
87590
34571
12827
24454
65304
77676
62931
74967
7160
3695
94343
17195
16095
47388
5333
21198
80103
84439
86338
59231
63922
30657
50255
23995
64761
52745
44585
71103
9060
98437
24427
96650
33008
37254
37456
98313
31282
387
89632
54794
20434
327
71989
36529
64068
77323
74080
44171
78114
76770
19754
42036
7427
86361
82384
88540
39107
26969
75996
64519
41758
423
77522
74766
54029
14978
89431
1663
31718
79064
56458
68504
79391
44799
5034
43459
38474
95466
87630
32941
88588
23737
91329
12368
26450
73713
908
81909
17034
93256
46429
58792
93679
40303
33559
64060
55281
39342
65724
3351
18406
38534
71856
97798
99685
93242
41257
38160
5060
45240
71101
93648
85329
62430
6016
11779
52496
23277
93689
69530
16533
56470
44675
10213
96773
94586
90625
68406
33928
72701
71758
52335
11235
59966
66485
10921
69560
7742
65433
74620
69334
52886
68268
54663
31668
90637
82795
84164
13914
92836
70047
30447
49306
31074
57012
62431
25660
47638
30837
75940
20339
18947
44627
47927
95265
11112
75200
64825
35207
40633
39445
4541
9871
24066
75557
41539
14703
58352
42056
44969
67540
28455
75416
33198
59529
32429
95629
1541
96419
42818
77481
33110
78118
22109
81037
73383
33221
56237
54561
68428
13222
94006
89322
23093
34424
64879
80985
65479
39583
23041
10448
23475
51496
2217
56673
27377
50998
68654
28918
47417
27824
6399
80527
5942
44860
77917
95678
94434
50506
50239
79214
63729
44245
68536
3174
95022
49767
84159
76853
5702
23552
87302
29177
75048
5871
2202
2425
56869
87208
47695
4286
15033
54095
1165
20975
15307
95434
16653
9741
45941
66892
5308
26022
27490
90196
29196
38864
39964
29708
15717
62018
53260
19371
7548
44661
25242
9750
47086
98463
13311
11134
19101
28344
65229
20267
65671
96888
32053
82325
22982
77994
65569
28290
4016
9411
18486
33213
64627
74802
62921
80345
53173
32533
16068
60721
77194
41311
86823
40633
39774
134
51767
75228
44830
33348
11847
10502
30236
43900
9179
69570
21895
91100
97860
25911
512
32699
75476
65139
23853
54749
61836
77026
87283
77905
54099
80829
35568
40923
21462
91694
57409
73229
66922
2240
22929
78769
29094
53166
22670
38273
39088
44565
29373
36949
86828
46237
86000
78657
11377
9853
49758
89565
3232
53393
67470
57331
34223
3038
14606
72037
94733
72016
45267
78007
90608
84548
56777
19702
54066
95799
74327
93155
56716
3700
46456
59896
49938
32456
38553
77667
58661
88312
67232
61893
41705
51055
35577
92280
54093
50183
64318
65178
38551
25937
59538
45511
10485
16315
81565
64552
28466
55892
74059
85182
59593
20515
45078
25883
52971
99984
3550
27984
88296
87134
6230
46353
38189
41807
54986
8635
8342
19304
90165
63246
61593
49703
8757
72078
66018
90323
52982
94484
46215
27041
96018
22160
47556
41097
48043
16879
41081
67945
44864
45729
71432
51094
8434
9621
9253
63420
18256
17595
99076
8422
80841
60669
58125
89599
49100
40496
96274
18434
51332
42489
45476
47351
81002
9384
4800
29045
26264
62233
13343
87480
7962
84775
54926
16396
94396
64179
96169
29005
81774
95245
53779
78968
72267
28256
68567
21367
85104
81193
39801
36437
23682
1629
140
21036
11014
4940
50082
53630
67173
79777
57462
91487
64552
12388
24235
75300
76567
20404
20657
74693
32002
74436
53661
4269
2693
38580
41988
87797
19773
98141
40586
59808
99771
57078
80844
27137
78370
47278
97119
61895
27055
54581
53382
7959
66969
77618
83260
59888
14374
3917
34581
46376
94706
4595
66997
13751
43175
25337
17900
79301
23479
58487
39109
39602
31917
36305
83091
10288
83584
80210
72183
26991
34791
25566
34951
18112
19536
34563
78000
50262
54832
28933
96639
65890
33528
79988
79641
76704
5326
97542
56005
45157
72381
11466
84759
4298
47771
67850
30938
47707
64412
3122
91051
15555
45040
26002
33667
80928
76917
28019
31190
48101
56952
44181
13992
6833
24170
9985
99889
45848
23879
72246
91005
12612
83712
92116
33263
47835
76318
64201
95543
40730
67323
86594
56285
28715
28948
6304
9643
22217
50675
40834
70318
23979
85015
662
30812
9185
27000
30701
71385
50879
2947
62390
63492
3011
70858
96755
50847
47176
77308
62742
4258
44632
49336
76895
73347
94636
99551
82991
16853
50226
40177
3523
74206
25192
20538
21370
50730
47538
68424
22115
98417
87723
858
78261
90735
88068
91368
57934
35245
68677
20676
55855
13309
86364
32751
3008
97352
32302
2351
14205
98881
42528
34080
89439
84073
54618
10809
34803
2156
95585
73270
16926
83309
90480
95187
90396
78549
86556
64682
13794
55233
85358
86001
84894
88074
35104
4254
85426
67407
6606
15983
82640
65486
66415
72079
49559
21034
99240
714
39542
94826
73985
56468
94487
64465
68008
1235
43014
70916
65917
73160
26149
67627
59162
27395
72053
94266
31649
57479
78025
54607
89814
77017
36446
56229
65448
2357
93615
64689
3072
49510
75867
77057
22330
86706
57874
90338
87941
17241
61254
53858
90401
3755
37837
65915
47502
9890
76534
79152
83721
70911
50111
73535
47929
2909
46116
13377
5267
39732
94418
8339
5594
70285
1748
27924
73343
59622
34615
61284
76863
12221
31494
83617
15977
69331
65884
63479
79221
42418
58983
62942
29682
25447
52829
93963
28356
98946
23692
33623
55030
18111
41962
76976
4748
43710
4900
78092
19685
39515
55728
12900
51737
87223
96517
84066
72906
78754
63897
68480
37524
22881
31422
67206
48328
604
77521
76684
15902
1214
26660
87284
19325
68622
64260
40425
28685
69160
34869
64722
25028
90598
77622
93117
94173
90492
77183
67079
69246
41080
35559
23122
80313
83334
90329
44993
290
67850
38030
16192
85416
64690
3476
21093
49664
67736
61519
78349
53248
12740
59423
78276
19690
53398
87745
13863
43890
81280
97295
29488
22361
49206
52610
19026
32540
59291
64020
49182
43494
2050
65374
28910
66740
85202
66356
32756
52938
27875
27458
22539
56967
86881
17167
76658
40279
4913
90521
521
86193
4168
30009
24906
53375
98972
60285
2267
74615
24305
51450
34461
42707
16824
63372
25799
18379
29728
58555
87669
73955
86013
10208
47274
72895
43728
23932
29526
48641
30806
30048
51186
34974
76409
92445
4701
91733
52730
6969
66349
93387
58419
810
36094
91595
80534
78245
9974
26614
36800
13996
16921
39166
24204
64196
28413
67932
4480
57939
32925
35286
87987
464
86613
80749
9261
91314
72482
78343
14635
38831
71730
73054
55994
24176
81002
36528
2421
7328
63143
55573
21324
96416
94739
61881
60612
23152
46165
65093
97444
95443
16731
1783
95907
3344
82532
21520
11011
55015
99863
25646
93846
87945
15053
49840
12121
12407
2721
30894
36087
82216
2819
57412
78632
97559
35645
55597
37063
81810
20690
50859
77253
37421
52643
89512
57118
35175
27384
84481
90190
27247
10127
389
15192
41532
66581
27313
70291
69302
74559
6379
67870
77379
63791
46503
91290
15788
2100
44705
97598
39142
95565
91204
92915
48208
97068
50033
83383
24453
50866
89926
51700
77346
90315
83245
18878
73248
26910
89170
58903
1470
95549
26773
95201
75692
73276
86491
91480
91728
31196
5430
30870
26761
12986
23786
74969
10055
90171
74705
50860
57390
64631
18912
34736
71298
2157
53614
44546
29068
59136
3449
46890
71037
30223
42091
63081
19851
28582
70913
27932
76130
76344
58802
2892
5682
98940
94213
32089
5464
68918
82949
62854
49901
18214
97590
21199
20371
67556
82098
65791
43045
85547
29033
30434
32122
71124
93516
68326
16058
64429
96258
92189
57125
71412
11433
62808
70353
5646
11249
92169
90917
10551
55023
57170
28765
68965
78370
65488
52873
76820
47632
95918
62367
76665
26353
10842
47790
36221
95520
80200
650
91778
88741
74128
63190
174
53288
49895
22173
64537
58416
29442
75088
29791
86612
3853
98756
81334
85694
51630
58154
33326
63900
36874
9991
6605
47716
74133
42826
43236
54334
59829
51366
43075
33957
30908
59602
87245
97156
81775
68134
55572
27569
43223
85364
14181
63428
472
95516
49122
68454
70022
82448
32355
6896
92440
38960
70964
66573
98139
30552
37259
57968
81918
96687
91925
29179
56289
95522
42687
54416
63656
14611
81985
23231
16327
12518
86660
16800
24386
35782
1606
94409
34583
33961
17657
43375
89274
88622
26300
3765
35526
63560
61733
33797
76599
53658
62976
32888
65532
5663
3656
29188
20274
1993
52420
36602
30863
55432
69754
55250
7566
71360
66011
42149
21674
20
85524
27300
88642
28177
31065
24169
91737
92798
57966
68336
62808
37294
17576
44692
59309
37584
73880
95935
55929
42652
48889
86792
14436
18643
58394
22003
6356
40757
80504
44382
40778
66029
71682
45772
10558
19099
69941
2295
28249
44259
86983
7409
97905
20911
52101
57214
58495
42333
69502
14424
84986
18391
17568
15774
37035
75963
37777
59743
16720
18282
4125
57498
663
75807
3271
11221
11258
89564
29868
39507
50176
16851
46916
48081
54114
99017
21648
28961
57702
91150
59737
59040
9541
77305
74815
62928
69620
12592
39023
86341
30874
43148
60191
47889
35307
79814
59110
46565
69379
5330
86072
35907
22181
49340
83988
92647
64709
21988
21608
22412
29490
97697
81452
39032
75003
56267
18312
60975
85212
57336
47316
32438
16836
23860
80328
52144
3674
55790
15061
89405
61121
17486
25312
99654
66826
25653
92302
31536
47641
30262
70300
77132
27960
51752
32516
19315
24372
67180
80290
9584
24516
43959
42022
41353
67819
22350
9849
71493
78141
24910
60899
55614
42396
2563
55268
25575
28216
47570
57111
75858
94185
27411
69342
22145
95515
18210
57812
19887
85390
38102
29471
26259
98413
71494
67612
66232
10196
93813
54078
4689
18723
31329
60303
77472
33892
15572
3047
62109
79494
76510
54319
73679
20273
40013
12176
15788
58223
69988
52028
59965
24443
97851
86224
22856
85697
70188
5441
95894
64001
59519
583
99077
7200
77239
76549
57444
92811
95948
19553
72305
72458
90224
62337
92731
46589
74513
24871
21164
44502
93251
81130
68945
91103
67354
91801
76800
37543
13594
89046
17896
89465
5982
16973
96665
83221
93522
54110
92384
89470
90015
81041
78280
96592
43378
87363
43181
17892
12235
64346
62394
21838
61828
47691
12941
45534
55844
6094
99429
69439
11492
17326
58904
17474
34299
71922
17047
44174
26032
9431
49996
16047
90473
28277
28991
50203
31992
72173
68095
44227
52871
46841
66066
31051
94532
95359
76585
66729
17805
92367
36168
29298
9693
11424
63124
60344
83346
96524
20870
9378
5955
87219
41778
12780
31848
87121
62984
63840
59294
47431
24420
28517
94273
6838
75920
5157
2197
68858
71886
36355
61225
24406
65653
87270
35831
45129
47614
19177
41653
84837
44908
63961
72056
3038
93093
3904
90159
56077
67744
65806
19861
8516
10675
14134
15354
86596
35643
17552
55454
7530
70259
33031
31936
52264
20301
67767
97393
84267
3297
39047
69104
48205
19360
57512
67595
12453
61416
57754
84883
45513
39912
4744
54029
50588
35230
85736
53536
70873
19640
8990
94755
89899
58373
26692
42163
78674
10811
39556
62941
30460
94955
48398
95017
30667
5910
62612
43121
83679
36719
28004
45544
76631
49100
15925
43571
84330
1661
97107
71555
21301
22449
66311
11200
80822
9355
53363
59496
36518
9272
38790
83331
20579
87188
78348
51247
93098
57313
94368
76777
94032
38724
22321
87015
87824
38247
30587
88506
39908
27694
60061
77562
50144
42724
88762
47318
68431
58478
6815
21302
67750
45605
4633
4681
49145
99333
55928
42243
56646
66648
35373
50678
5372
74046
54046
9548
28645
84633
98054
84906
28679
74468
62468
78823
33544
67582
26142
1976
26060
49309
39630
10162
11266
44263
14844
76763
43596
70772
35358
16595
53773
70731
83625
59145
61130
37671
68694
89775
22304
83100
91033
50984
73920
69853
46159
7465
37436
88653
25793
63496
54314
65423
73659
65580
26038
88503
58695
85986
75627
94054
2581
29400
64785
86207
4898
42267
23878
89944
48395
62535
73044
39428
29871
46965
9282
76030
70782
46718
81036
96575
26566
35350
78350
225
17283
4388
5080
75978
90374
97060
70032
9308
26460
51170
95515
47710
93437
35745
37654
41832
98280
27051
97613
28151
90368
23247
20534
61150
69965
1570
57725
96531
53272
36075
13109
70555
56815
34541
62886
63541
31601
49270
72849
74414
440
84716
22124
10230
36814
76131
52062
51446
3182
66027
95950
9902
89274
16484
71052
75591
34406
45129
88475
4030
97556
1584
90938
54371
52477
53824
34264
84079
3094
23466
58493
19887
8182
96969
30117
61348
89452
98531
12795
92634
64559
8745
2536
70185
41581
89940
45777
92339
35069
34252
96369
48977
52188
87307
19700
4665
57483
53965
5096
76930
77431
79941
96817
1965
76911
26934
63314
66363
41817
92461
75350
6376
1206
94238
76562
59139
84179
38691
67830
35600
72943
80551
930
41483
84211
20630
62500
41694
74595
67597
18624
68378
47538
31793
70344
40801
75079
50010
23517
16897
42471
98867
39625
60029
9457
16187
35520
9988
71230
3350
61941
60525
83901
62871
2008
68112
83501
64509
26159
74449
32106
44783
42827
95996
92929
13171
36798
68008
79533
60315
1257
22004
75534
40883
82033
1343
73422
17553
11332
44653
37255
73273
5178
21157
36144
7187
5621
19645
88048
31780
10446
36506
92916
53274
48854
85845
82797
85652
70205
62331
62319
71463
687
54205
12346
82721
55549
2120
16626
66881
46773
53882
56506
51952
91391
92650
75491
97012
28647
79891
45145
39094
32749
38061
8720
81603
40258
91517
67256
10463
70200
45927
98278
70888
16485
26976
53609
72034
29097
86587
55267
92222
56821
11773
60526
64564
20775
36017
61577
49422
32260
23074
4868
65009
61135
13588
46613
17745
21458
30221
44560
91658
76148
42839
62546
8985
86167
32507
81019
31616
19095
36286
23839
75916
64411
84365
40481
85186
36735
18410
50961
68995
57836
72181
34005
18971
85770
96970
53068
7228
27191
97628
98886
19691
56819
77785
28677
42987
10292
26048
74603
29387
78687
98442
21656
43098
99160
78489
28285
35895
13251
95598
4890
71087
67779
55247
6410
69901
52217
59478
77129
95760
73458
92368
15452
30278
70153
60481
89617
96797
86529
80572
26185
65216
95367
64193
24667
94527
59034
69304
30422
88637
64902
51664
76076
32681
6912
82486
2583
75481
58316
96064
71242
48126
4784
3046
78404
91289
79879
84373
88087
82760
64946
30624
47977
60313
11169
88996
54840
86555
58300
1614
75192
23202
53278
51268
72235
60190
50106
91170
35672
24774
3587
23266
72900
24723
26312
51305
16013
6191
52030
20452
88951
16976
67428
53280
93641
78597
58628
48481
81504
16928
50095
56696
56482
3374
7964
45070
79916
74422
52592
31940
99196
56179
55206
72096
97255
97870
39753
13268
4061
91784
50072
9365
25112
17500
78997
18754
12449
37626
67235
93953
70906
33683
67001
27389
53409
91317
72459
33325
65739
41403
65266
64935
97583
36824
37031
11190
34695
76785
24458
38756
84921
90882
64473
10033
24734
59823
28787
53535
13801
12375
63840
84707
62410
30841
28448
15819
22158
17259
65496
87897
58663
47114
52832
72598
83939
6215
83788
18634
99352
24598
73742
84273
15480
54568
10659
56566
14391
39446
10101
44544
68173
73941
29251
30583
4782
57700
62754
43292
91311
28251
31189
49974
91717
373
22572
75656
22940
6360
94290
22293
47310
84385
6566
79142
38953
33577
35708
69696
73024
45809
14240
57549
36102
43491
88133
57236
17543
67239
528
8855
95490
48069
58829
87208
48442
97754
79216
71383
20466
89859
10028
67777
74244
32946
46919
13197
66524
98980
99245
55900
44789
13485
13449
80892
73328
17934
54480
90872
85174
55009
16079
97016
3078
91260
576
67873
5366
79793
39256
25833
69652
65636
9962
60248
98582
73233
89797
65106
72213
89042
21006
33355
2527
34456
30599
75855
68742
85079
83079
53916
40088
15510
50933
43167
6771
51509
27392
12137
31302
66648
54322
17306
48636
64284
77554
47218
37518
83703
12325
26083
72745
49683
59438
91624
491
90037
83832
69234
75117
83263
23150
31557
98774
90435
91076
5545
41945
18468
17682
89599
1468
72005
23258
50104
52641
17164
97323
6511
868
26000
32595
73613
75683
8385
81590
76175
14775
65422
61761
6244
48685
1263
37801
47459
91699
28878
69356
33644
47346
87039
39595
48815
75396
62853
15271
44389
80018
12594
50901
80886
38594
99848
70851
30630
24585
68793
23157
39360
34215
84918
45604
99253
86181
83406
63064
77880
28636
32421
27876
92334
35812
67472
57501
27560
46677
72773
71949
26695
85367
39202
23933
40314
55402
11137
70944
79988
79930
10453
35700
30498
11723
81305
29751
14256
81063
92815
8489
26051
41588
36365
18385
77400
20189
75887
21312
66867
48660
93262
9914
50379
48816
33848
90693
4219
44985
77989
559
24915
4794
36259
55413
16517
33916
1516
30774
31331
10684
39263
57382
52272
91980
92120
46025
28522
84359
67337
95389
33019
76951
5303
99750
25768
55503
6796
46339
488
1137
63250
41756
5932
15861
13521
22449
49778
15038
69575
97461
42074
25190
71196
94346
33523
63316
56723
62045
47675
24061
57434
97046
1012
79089
13148
43132
34593
19944
89471
51433
21082
69073
93189
27014
84935
6711
65815
34713
38101
51743
48526
80175
76933
19722
90873
26808
99390
47597
88853
47065
71658
62639
60463
89022
41729
89964
32155
92674
9908
37978
60459
47342
7052
53649
74356
91987
76712
56524
43052
31165
24619
91578
27692
17904
27653
18565
44713
27043
66162
33566
90461
54172
96206
67276
59547
54287
57240
8054
63313
67149
46032
23772
14491
69436
93773
5200
77775
86837
78076
37179
18002
2695
45110
62046
20599
72763
80612
81664
99806
63126
15231
6619
17299
27789
73896
93198
98428
31136
1252
61741
14637
63636
1865
29129
33073
95639
50681
27200
98828
45109
64380
33183
47804
25842
95229
84755
98605
92193
82772
14763
55320
98003
21383
88971
42144
11631
82169
40572
42767
83421
18665
57405
47057
20530
2886
96482
32521
69919
40035
31350
15028
20767
80885
79184
46609
76114
80291
61566
68308
63063
92681
39980
77418
14064
28951
19562
42047
11120
60134
84815
10893
78799
58572
74302
15682
77810
87137
48203
47729
27172
95905
79109
47939
76790
58293
10900
69257
38584
72466
37565
18000
65147
77545
95418
95564
22848
14981
37611
50320
91467
38778
61213
86619
13702
51867
18653
91512
55356
66856
55593
82528
79114
34702
46819
55904
92995
57719
25161
47932
46537
79078
65932
28037
72975
77702
39953
95823
9035
93916
62495
503
32695
40060
3474
62749
91928
22127
54262
47284
5335
9855
46165
84449
60910
92984
56706
53905
67056
98219
18189
29945
93650
84121
74334
66625
78176
14287
78801
87211
8204
41296
4066
57251
81357
23892
20000
89637
46019
90614
53273
67707
16822
99438
52156
77732
8775
25214
47989
92183
23434
66179
22128
33436
66652
12815
61
61180
27102
95214
48392
51658
36511
68810
8909
34220
92703
45262
23857
38722
52228
77130
22781
85402
92921
91290
79486
1696
16504
27476
10231
56290
10007
32359
89726
93011
61526
6140
54192
88629
1354
2584
40287
54217
71394
65549
4789
64097
27163
44998
19172
79391
38481
58305
81146
31402
49595
60632
49450
66100
4460
59681
38742
14467
8392
44821
7479
69919
50961
61671
58548
68667
80607
15187
39237
68353
80736
44026
48803
7899
89025
84327
3643
27506
42632
84789
75260
92228
61773
24710
74680
66234
743
29774
97053
9135
74595
4532
79054
41908
82555
53954
10576
79514
69142
49813
47868
66230
93839
13023
90482
99216
97350
10477
43074
56334
95266
34686
48562
73391
75748
39594
39625
76491
69369
36679
85627
60316
57563
64681
2225
56471
18636
12801
52337
4130
78966
16557
70360
89157
29580
60842
4726
43282
71319
47800
99617
82937
98839
64531
72681
74587
20478
28658
51079
6199
81689
36706
66515
39253
17739
68740
12076
52727
97893
64413
56857
76859
97323
43570
82369
26903
20764
87095
86538
92084
51247
86155
91373
50086
67038
80406
24674
87516
9065
75753
93715
90754
12459
76583
46359
46550
45323
58435
99278
59569
39201
56135
52780
52876
99705
35149
79779
20470
38596
82669
28906
89844
85176
36631
39930
52215
17038
64604
39731
26103
40357
49799
16857
69168
26382
79569
15719
88057
38004
14997
47626
93557
87484
16759
46433
87190
68260
42565
24012
6857
25234
69270
96701
26763
22253
36631
78978
39291
1236
35061
81746
57945
84860
14956
27114
27594
94525
42833
15652
48881
57830
79630
42439
61666
96389
5224
48856
81002
64141
89220
87859
5728
74842
84560
32491
97096
37543
11469
36387
38779
62882
34486
96725
64095
49442
40191
91689
43967
83024
7341
9200
57206
3324
51639
18872
16065
73216
84081
97067
37357
89653
84926
59437
64496
85838
91928
61592
23382
19749
14331
78513
82632
48817
91590
46727
14611
31781
54768
58578
14805
78462
84131
88363
81786
35770
7236
14203
25338
7669
11271
79048
97322
12549
38485
78170
14740
30414
39762
54474
66515
70446
32987
65499
19263
24578
12226
50227
72711
83347
25157
87517
61809
9288
92232
59947
45059
15820
74150
86749
23489
1773
65797
37164
30675
4283
15334
45415
51049
71449
99889
17564
41895
49228
83064
77510
90158
11642
27737
62870
11341
52895
66739
73150
62183
58971
49449
23594
74792
39952
26696
14633
41725
92493
68149
72400
13128
99836
17815
64177
87637
34056
98094
45884
83285
81158
23394
73443
9152
67484
52665
20494
36731
19404
9996
15266
78376
59446
38861
69520
99398
81909
505
57475
74402
85007
29876
87531
84843
64043
68060
88832
98100
66154
34716
97737
63664
58110
87532
72817
41946
40198
9663
78677
59602
19659
10296
54330
79105
65509
40202
94855
47418
57060
52331
21820
42067
98559
25703
43262
62602
93764
32094
77054
76270
83162
91143
39935
57624
78676
29104
99571
35226
38767
94600
11180
58426
4896
65511
53884
86757
22065
65091
34175
95477
33774
72348
53896
32333
98051
13510
11288
91815
61956
88342
68086
45118
95838
24373
2743
90866
53477
18666
26092
92244
13266
37272
67022
34515
19135
37258
21272
57553
2350
71800
53030
36124
44148
6927
68458
42199
20437
96098
50367
82394
792
34805
27512
96630
59178
46607
87496
29007
65273
29940
21251
94892
67213
4625
45759
2700
41884
83383
60253
44234
55183
29636
96710
99331
36563
81520
57883
73352
77618
8250
72098
78411
59407
15963
75041
34937
62570
78890
63944
27844
8830
1547
39088
92395
6172
84847
11448
64408
68230
71701
24994
23414
17689
21705
39097
70604
3225
96980
43957
97196
21582
16055
75607
97341
48370
67000
32278
10941
62242
96222
55137
71073
14121
94225
79820
36646
95424
91268
1054
63654
79322
42401
3420
97011
64106
42518
67616
83683
55850
27925
80879
93785
60332
72838
91126
8703
56191
23405
19644
18433
35979
91133
5858
50101
1710
85679
3099
97134
93299
20505
60788
88973
62906
64209
85985
27012
23079
69953
27048
78929
14230
24279
72714
74562
13470
63841
83265
69661
3598
19261
88094
39577
26746
93953
6030
28456
95984
25481
25590
5635
45987
86379
94609
8893
66940
96946
35906
90019
83251
79306
85300
97481
3585
58015
72043
17055
38208
71661
3068
58158
7274
7515
14087
34021
1468
20118
62477
13804
45599
88068
19439
7938
90799
30400
16832
57739
27346
69090
47758
10597
48396
49410
8078
68333
23777
96474
1741
61985
84487
4809
36495
91761
12324
50583
42134
30144
70701
4612
60300
32652
9032
96092
56943
99831
26492
73775
57570
70191
42865
21680
80788
91261
87442
5219
75946
11220
18045
77687
73205
2532
82497
9701
10645
11173
60284
52780
57670
47337
57392
17970
96341
66424
30414
53284
82607
56907
43411
56529
27098
86276
94561
24238
93889
82003
29457
69836
93223
47502
47523
82781
66386
46372
92482
77032
73898
69118
29812
31568
32807
3556
65890
45500
86332
96305
15137
85291
53212
58548
41820
96662
61177
36381
20900
55066
18384
66710
24902
11608
14212
88778
94389
96951
35150
3223
73983
25400
88693
20147
56968
37852
40055
22859
99704
26387
35516
31193
11678
5080
89742
69850
1742
67271
6231
22642
22337
40967
89352
63592
68927
19917
52370
63316
33220
3872
82891
7203
29273
87936
43702
2593
25788
83757
41804
41845
26496
77320
73038
54526
82400
79132
40728
84142
46403
46959
23137
68741
87926
28841
48685
73206
65110
17407
36522
98330
21279
35766
21885
66904
23702
65587
69498
65843
65696
11302
7688
8544
4975
97078
79422
87375
76211
20150
87870
22614
83461
11007
7707
87740
56200
56392
60946
21311
73799
13820
19641
11431
49586
57879
78335
89641
23466
64185
71836
5515
91840
95876
14059
96815
92954
9834
84190
69165
29984
88412
8132
13446
15771
15839
1186
71972
88584
62132
9635
78735
75952
45628
90166
41891
3507
84854
47884
26974
65391
19720
48841
57231
15596
79252
54046
24902
89086
38237
10420
19071
26649
18552
48869
58773
50743
66407
30745
39327
44891
40380
34415
37195
86008
40933
79086
89516
25787
26970
32842
91179
63042
81683
48410
94990
77287
2457
19893
66374
57046
30313
1797
47
65217
67018
58820
15960
33425
5917
71640
78316
62649
6055
31863
48658
46988
10950
54526
89128
54272
3720
80307
33667
1755
45069
28657
79042
63878
64902
45416
37276
11567
63565
53676
76784
30583
28848
9097
80360
34766
80737
75028
13767
86792
6892
62425
50132
34194
33303
39260
88466
37023
35919
38485
38778
97341
67143
17821
77571
32045
79589
14848
59965
43155
84876
36749
90090
13724
62198
70451
64842
42935
45479
78610
46079
52371
57387
12564
86565
90691
51824
91384
27714
4096
29869
82845
1437
97012
17018
79008
45410
96607
10208
21727
56114
95084
74828
46205
25161
37027
16656
90003
79962
62135
84965
42394
30859
42353
54958
17424
49396
23134
8808
93462
27230
55030
76307
28667
68394
93325
24028
30156
6285
34236
51883
62399
29321
26712
8604
54482
63739
25260
60837
60053
3748
45803
18799
34607
4508
73757
68383
53904
96892
93544
47366
40474
48574
40026
69142
16968
49703
93170
47125
55988
43758
99008
18388
73079
25720
26992
27561
5811
68605
4751
65865
88705
50554
1016
23312
55062
74774
8047
8966
88018
1591
72684
28492
50165
12710
13986
67134
62414
23508
30611
18402
67267
29619
53142
40346
71692
96487
84260
93855
65092
89011
76072
70149
55917
77089
9813
10979
68215
17860
36297
56233
19452
8981
1077
69617
38044
15064
53103
458
54924
83714
35212
22191
29686
88355
78890
17730
1194
63150
11585
66286
68513
87658
52787
40782
81099
62600
51761
49314
80460
4410
5547
16264
29743
22976
2234
67787
54392
71689
84597
9317
55404
36162
31508
1442
40869
10398
35524
42063
89900
47109
24701
74765
51119
77488
15547
32218
40088
83660
81532
36900
88070
3431
53165
34166
26408
71751
1953
80800
43440
2903
90117
15196
39065
37978
16638
79934
64728
52162
21997
54629
15624
63050
45746
66743
40538
77646
15314
96978
61306
96846
33878
65729
16630
3395
99895
43038
75146
18200
40190
34939
21103
46660
50135
76520
84638
66774
56454
49366
35288
94803
20347
67264
57853
66094
50360
14743
60092
65674
11721
21398
78872
61952
3479
95502
81699
3374
54892
73198
37927
11435
8137
75382
58095
58272
51903
59085
41398
24709
8451
76687
35865
45151
60303
10070
27597
10663
24814
87689
76337
52887
25439
71562
14839
28919
83416
12891
48645
38309
86089
86572
66096
94226
61955
24191
52498
30210
99628
93897
54919
24431
86936
7136
69582
47239
17207
13531
57903
58373
1220
50592
11260
26660
22154
42452
71931
5571
55343
20576
60232
41432
7149
26328
35658
85456
66871
88156
15666
66499
82053
86937
7282
68989
94074
76865
16229
11281
90396
90484
86006
7969
41076
97266
50981
63231
39718
22912
68802
95061
43488
45386
52845
66989
88066
88503
68797
54937
76660
84463
37788
75065
87753
45070
60407
98179
38287
92988
25812
28684
83472
11818
53005
24548
9084
3986
4131
65155
26898
89285
60216
70386
34671
13062
53728
22737
17917
22525
94026
10929
23341
48166
85995
11094
93237
62754
25625
31524
55742
51437
76560
55566
63255
45917
96466
72339
49903
598
37494
76801
89883
14063
63540
40907
43477
33620
79996
61394
56145
74023
72324
79486
38541
74671
6932
31778
37425
32557
79655
93167
83994
72567
65085
63601
18485
61551
52293
68388
62149
89787
61542
68385
20202
41434
25644
80031
75054
5640
57778
31199
96015
30102
27038
34557
21125
50322
82687
58550
99232
62342
68069
99578
51262
33154
63180
69747
94705
15473
54487
73207
21612
16029
57944
58167
73815
83588
38198
48869
5580
95976
96421
1596
42430
39811
52505
63555
90133
35192
38457
5717
13887
22878
5296
65149
72384
84828
51248
83442
301
5735
56649
38265
38117
14593
96432
11932
98181
50983
77154
3761
46959
73575
21709
5742
29738
90566
85649
36223
25759
24107
41941
55998
63337
47237
37499
35722
48417
88747
19164
48718
10834
92165
86983
65303
6758
99768
93588
21291
50751
70742
41404
14062
60669
79466
19804
90407
70032
5454
26630
12143
45913
68571
68141
9250
32160
5640
61324
80577
10739
80488
45647
37926
89005
48983
3229
95763
48751
96817
33406
15854
67559
91163
29916
44580
86981
49721
34987
57013
71527
61618
69157
17440
46541
53650
43042
95054
75643
4367
91983
2734
1207
37631
40660
90213
86614
43890
2328
51717
40707
52087
83923
24619
43250
13839
69199
30231
79912
20539
3596
51439
98509
89105
85231
61402
59108
28274
56456
34751
48993
48440
37485
50200
2423
78146
40413
5389
38388
59094
57106
95447
11181
41029
20066
54431
71220
5618
1014
51133
26157
4610
18924
41018
10068
4156
2420
69176
48782
58877
20279
97775
23669
57764
47975
26092
52262
4741
31481
90650
63835
4939
86098
75016
62320
22516
45799
33540
44486
46813
1025
86995
67775
19950
28013
94195
24106
30434
63371
89240
5663
83650
87015
45684
57767
51342
71776
10029
56083
19609
17032
36270
24548
19482
27638
3220
41998
73437
36760
86485
36602
37786
89832
20730
74088
17846
14925
98194
64632
78297
3786
86647
78299
90801
32331
36066
42143
4107
62448
14579
40068
95832
67201
80968
15314
94840
84188
73664
68277
37300
60149
21232
91438
66334
41962
65526
84180
56887
80072
65164
51536
83858
51811
29836
74659
84142
82254
33155
4601
61054
64086
44669
56886
31287
25637
72200
42479
26177
45865
27109
63477
22366
48341
54916
88700
6655
36794
89232
63542
16867
54396
31431
725
6207
61267
91737
90349
59873
41244
11302
20928
5330
55971
77814
52969
97960
66367
11801
24137
12232
38910
3967
50950
3603
58883
39651
10258
95677
45235
73800
28896
99632
5231
29622
22191
82850
37711
28893
59076
78955
40195
96356
637
96167
90522
69958
10479
56889
81759
34617
85473
37021
38584
36424
40624
13819
92427
50882
25848
54014
41035
54745
53646
62618
719
92190
61821
38430
21083
20897
17385
61278
17253
34374
73797
7775
4332
84277
81017
2444
35246
66490
39465
73830
19266
96442
4001
28045
47324
29849
82060
4711
946
52058
83682
1665
44248
45503
56447
81683
82752
90184
59314
16357
24558
33111
40484
45243
33740
37853
47687
68986
4344
3504
59168
39962
99946
79521
68008
63623
25723
66420
84686
26669
18478
68368
44687
62727
30223
1134
60762
29327
91319
20076
45684
32229
69540
2521
77472
3280
40374
41511
88619
61070
45016
64139
1033
61314
60013
85393
41289
85736
51813
25976
28757
70291
94344
73444
49370
40920
90931
10133
70247
82250
46561
32284
30831
16101
34805
8304
35734
75179
66167
40705
36250
27535
4844
53635
88850
64857
39028
46491
66945
7193
72467
95703
93836
83164
85499
43207
24084
76430
69692
10683
75032
32605
42967
5864
48707
77772
30520
84441
69304
96687
25146
21906
24223
46342
75541
29425
27552
30921
75916
94497
38114
48384
6552
31950
47900
92052
91509
88336
68482
77553
99019
43515
10159
41987
65731
75218
19759
96251
76011
89063
9290
17509
10969
49865
63851
2862
79290
7755
33783
55207
2253
88249
19943
25157
36552
84195
17209
28061
72531
85692
21967
71550
45559
32126
13537
27642
7344
49649
23893
83355
38712
49535
17216
66034
99401
81067
68896
78691
5175
19032
50250
23780
7281
86545
48937
43833
70740
66147
88247
43271
51839
10214
31174
13750
58692
44711
41392
66036
94360
81637
65743
49425
31172
82959
15459
46925
80378
707
25617
85553
36091
92219
25685
43373
78765
74623
3558
65857
40770
8157
25481
8961
18371
56655
39063
77063
17718
80455
59451
28431
78444
41546
77856
25968
40857
9667
72894
37588
10374
14863
39493
62818
7082
65179
22543
2199
39802
26101
68057
96924
50611
9890
5885
68982
66545
44948
62398
615
41755
38201
29046
20199
96100
6902
46167
36957
32921
35413
90897
59648
50276
30391
22466
57359
11922
45009
75910
51724
71110
43967
48648
38073
53857
70885
7056
36754
15833
85806
37370
73940
40359
82768
94139
36459
89671
56658
89769
22592
8424
80666
82240
58700
27409
4706
32411
39331
49715
8322
91055
37178
68641
56055
75251
38851
43292
98659
91957
59125
817
45679
49417
41177
28448
43556
77636
18119
16567
67405
57063
24991
64424
55656
43
91833
76714
32455
31165
42782
57129
38572
96312
25770
10980
87915
80973
54272
86575
72931
29750
3744
18610
79167
44921
47058
39076
38910
81529
55643
6315
38593
96986
87091
10601
13381
78925
87315
62188
10090
30097
19317
65014
26409
61440
75994
14325
42413
30267
17252
31696
60017
20996
50307
55536
82270
13717
94612
21180
95247
66607
43847
50192
79945
30939
60793
93327
9864
64460
55515
36306
94558
91185
1320
20967
68977
77315
51644
27742
23934
68896
59439
303
6245
26098
55839
88515
56167
50452
9695
67766
17059
53542
17958
97005
84481
95103
6684
10697
59564
78551
47003
70474
69736
64676
7793
55065
58343
59438
82808
82277
44686
58599
98932
50931
1049
54771
39446
57216
21575
65493
24983
54987
19036
42941
68344
19869
54397
75028
46919
13961
53579
10274
787
39668
74950
8580
94733
33293
68018
93893
31922
12705
52492
30854
79988
53541
1978
19435
10758
23553
84928
35741
94892
20316
95034
63236
56538
65783
38264
3457
96096
8196
13731
96883
64216
5034
5464
58949
38327
73482
52843
70250
2539
21687
17456
82528
75229
35786
18315
2339
59340
19595
54432
70584
56264
65818
33821
12802
31602
88437
32611
27698
12985
62694
40934
77201
67728
46398
52503
6056
36232
21698
92658
55124
43385
26466
37652
34966
62253
72319
37305
37945
91914
8089
8529
64530
73908
42350
77332
21862
47140
26295
65912
60125
88990
6846
37327
56718
69596
89830
62774
5829
11528
71784
60953
71265
98251
14957
6232
60504
3628
59889
98449
11894
67979
6978
76425
58239
65681
70109
80101
12821
96405
62365
89298
85395
69212
42977
42113
38808
49159
21240
60989
77039
9376
21942
48305
7627
53251
70889
84483
73231
30778
99284
85126
15109
22615
61551
89700
88296
48012
86153
17469
44417
48519
6767
46164
17731
66097
4630
72891
15256
42222
33881
92296
51598
55823
56953
75578
25427
27842
76413
98658
74972
75698
136
90082
98313
61687
96134
86609
26052
82288
20430
70469
30807
43549
16634
48538
9646
37616
21429
41255
79838
55310
33551
47788
27486
90504
23366
69265
34698
99780
84275
9670
75478
84412
16104
90143
46099
12239
93104
88503
94527
13534
58973
25334
73435
91959
90224
83082
29575
11653
24337
25765
83316
74240
73553
27154
81096
96920
96419
15794
13052
80694
25464
4882
81458
57921
95025
43910
70160
88129
32413
64687
18015
91386
90021
91450
99697
96597
90884
45624
24602
31573
71389
7918
5813
61295
51424
3261
74567
64195
19055
87619
61242
60872
92501
42700
18793
3878
86610
88953
92007
19024
69992
10022
26762
60013
1472
26460
56610
92357
72084
81212
23930
59826
5483
46096
21121
73259
49357
95688
37455
84765
99659
98697
45637
8512
57749
64430
12390
44360
69735
20749
63384
39727
30771
6498
16092
48595
32958
89054
57304
21395
86618
97587
97573
8453
43683
18694
81713
9392
30734
19168
94157
46745
34217
39794
55257
91966
20576
83999
36326
6663
4748
16062
46390
51871
38913
78834
466
71871
67888
74123
9618
70859
71710
7191
79312
31745
42237
61025
41137
89323
96545
35295
36068
30762
91441
7677
39081
28370
91676
91759
35033
12776
24174
97776
64647
63087
76610
81466
34958
60851
71941
60929
31710
43651
84472
27374
91748
26710
88400
32885
32385
1297
84532
84806
32060
75974
92483
71141
4344
512
79252
55729
13288
3426
53505
94288
66513
46468
92106
17824
7319
64047
78753
55381
24050
63225
82755
15798
6287
87507
48683
55025
88805
49568
39831
37217
41894
32314
24710
46238
49178
3962
18319
78819
7389
71825
89459
73902
18293
81565
91726
41964
61964
86831
13697
86014
66409
96452
1812
72696
83960
66847
27721
89117
32767
67552
26334
74661
16219
51044
20899
81749
55006
55571
60568
62395
27396
50027
36298
62041
47944
44376
20357
9908
31208
34054
95922
97617
46858
14086
86665
47170
97286
30739
36287
30053
14643
62621
4715
30862
30017
41966
28964
85024
97537
89532
63771
41285
55912
69
19678
3856
60798
56387
30117
92006
90441
26039
5975
53652
56478
92640
822
53764
23379
53462
83817
54375
32435
88532
85237
62453
30499
30553
47477
44388
20086
27600
85674
92350
44022
5352
12558
4820
61740
42675
13178
68533
85067
19153
38537
41545
28145
39360
95309
67877
92822
79126
22252
25257
84011
23841
4062
14510
54395
67891
58898
90833
95492
60924
99535
39514
66277
12093
44334
44369
71121
57512
29254
56188
93017
67792
97733
37514
23504
9394
21743
32678
4872
60347
57935
88883
84189
78350
3393
54936
46241
78644
62121
41733
39568
61656
81247
22197
90101
41933
82918
61222
15797
28525
33762
8814
96317
47847
62681
19821
57241
84424
52499
62114
44772
26786
50997
45313
5136
70743
16601
67730
65739
78722
9463
21659
56730
7063
60209
46831
48996
43127
24406
64794
71652
58168
89960
84321
22368
68993
20494
79609
69770
72993
58075
14542
16132
25425
76207
37620
96168
92808
5350
78259
71530
31166
99918
28260
38229
60127
91443
3577
19607
15849
84723
7611
90370
91036
91933
12738
76381
12427
8699
46151
1773
66775
77045
17905
92200
53252
71877
4720
46060
77228
82979
33942
24746
82897
78554
79327
59377
69998
82904
78984
2199
83980
86595
8921
91368
94880
21659
67749
7308
46711
13901
25433
29838
90946
59690
38390
44199
31567
43110
6611
8795
42441
56906
49893
41690
35460
29220
1067
5458
28477
96403
24010
12457
99351
32931
3825
94231
70943
87926
17891
17654
1827
43324
47492
9126
3014
85882
69677
50934
45344
92640
76081
87785
49546
25975
29475
85007
55195
46895
6817
83672
43298
30827
12481
59001
80111
32658
53233
51054
20585
87476
85060
38764
47153
32552
47890
66519
34786
33919
17453
96482
26560
93535
84267
76106
19510
30094
61113
91057
93341
84283
74730
52992
31462
87211
11993
11573
19870
81578
62627
56807
69055
47687
95571
16208
96591
59814
82727
47729
93733
16533
44211
20293
10068
44830
96400
45930
91277
73865
36987
84618
74500
11717
37610
5963
15281
49604
17536
51503
31182
96516
8310
16589
60555
20233
49149
73499
80047
48229
21228
73781
64762
81792
10426
74830
26622
23178
20760
17899
13396
74099
2518
87896
85817
56480
10211
17450
6084
27748
68953
53619
40616
93615
86560
1171
13848
35710
91022
10248
83939
12251
381
48701
94043
10807
23531
37017
50338
60643
71269
80086
34742
90139
67982
36911
46619
78194
70713
69056
22294
56018
22675
79262
49633
9235
96785
79834
61297
87808
90082
45236
16411
6815
93937
26806
33974
33820
63823
84312
10815
51444
64398
45558
41583
48733
98821
88203
43279
69535
73611
81925
25553
12638
61187
91539
21873
74324
71373
99523
62132
77807
44759
78543
84622
55049
5349
18596
88869
85525
19261
99685
36969
83659
61595
78553
48744
76768
83108
92023
62655
56719
90300
88209
69357
51487
96100
7582
25812
83825
7105
4296
77984
68217
82840
78958
23266
4541
97554
12135
90066
33167
28172
43388
33179
6119
38293
81923
82888
37753
90299
45543
10824
80599
50104
96533
48439
62556
4115
74251
46381
27573
94899
40717
12142
77739
19675
35408
98633
17230
63895
5051
66749
92068
48439
99928
14539
3084
81852
97427
40837
88503
59323
51661
69102
25779
48194
17541
88336
68662
8144
51069
12587
3044
91787
24729
97135
11462
76489
12120
45044
40384
17172
11794
48804
81963
11722
63344
85048
9926
77123
42237
14781
52798
10251
83884
78578
58445
17777
83266
43459
42274
34335
72398
61670
42474
13479
75157
53937
89968
87278
15333
30353
4450
27127
79157
2765
55202
58853
87813
81480
35977
46403
96262
5127
56654
80146
83705
31451
14275
66971
74911
56549
17659
63661
34571
60133
77141
9729
30422
67109
97007
45756
97462
17809
72883
92972
20574
44437
68177
8388
25918
20506
54791
22180
25634
27797
18678
9339
59248
49305
92663
34159
22207
26674
97821
56778
86807
91314
66507
17230
58423
79866
79338
72238
97675
68573
81562
18250
13011
49739
42990
55281
86598
14133
77461
12232
41930
12491
37923
1178
61796
46938
51690
84003
73612
65863
57134
60420
57177
23641
94002
15600
19860
89692
4190
17535
58265
85752
35785
87628
51844
78775
42909
38442
9260
36722
50674
51190
49213
4949
52369
27362
51888
20411
27717
25500
86274
1203
2272
43451
41197
96274
75403
61057
2318
79594
78592
60584
65346
30730
48212
33542
25857
7474
71984
35118
44196
39010
86308
9762
43960
55029
53476
95848
75440
81193
37700
78066
98749
39973
21517
39946
52599
13273
1003
54918
92867
79595
15502
74565
10325
80066
8108
36183
87540
96444
87653
31737
35455
73961
57851
79415
45343
11327
91615
37135
8872
29315
15202
7621
69288
53071
47567
21888
82696
64922
93158
75563
44518
8660
66481
71195
5078
90941
23730
92619
87385
11383
40708
22840
1697
14911
18607
63392
26238
26574
527
51462
72242
32081
75436
41530
1505
23003
79770
84201
4278
72928
76117
48796
97940
42598
36343
3019
33539
60074
11990
37276
87809
52698
60117
89506
67609
95076
52898
10199
38003
69778
61661
10245
18211
37097
51775
19716
76453
47898
3918
80731
37178
96387
45879
35119
38985
98574
38138
88876
58648
66480
26152
62810
19178
2621
52316
3139
14050
21567
13338
52053
91345
91351
62298
9556
44801
30425
45625
37606
78323
65895
34689
15502
62282
80568
66973
17619
95494
21463
6495
70495
87943
48999
33305
23473
51621
85621
26612
65671
23540
56302
34076
31237
47653
96374
57146
8806
26799
2771
46412
21475
68666
81101
53329
30948
78021
20302
64919
73516
58117
71414
44011
46060
20413
77316
85885
88386
79289
12497
70409
2830
85151
4485
34067
32804
17211
91213
57963
44011
10336
4375
81838
79002
85477
35167
26302
79850
71821
91221
53366
29938
78987
13729
92350
15753
91045
78235
20491
86687
7084
90901
89517
92235
11738
39936
41391
28950
47502
99354
89313
57838
3730
71151
53193
5559
22670
95847
85409
94491
3421
55128
40781
98760
68857
49483
14513
76255
27718
35005
62942
51154
42258
68811
43389
70348
8747
1132
15650
72601
487
21315
46792
20569
8818
99985
26128
31488
12184
27889
42331
15605
99369
99464
30718
68227
48947
45231
60834
93017
96588
23776
44171
55198
92587
3912
41899
17686
5045
57549
90288
5532
78865
37080
26101
87683
53417
68581
35524
81953
12822
77855
13911
12192
93672
44629
96771
42619
6212
57605
35637
2801
81381
79808
74351
90320
83721
16250
8006
88766
90152
14646
10650
69017
68078
53103
73052
37847
38036
24928
19801
50858
19136
50064
79402
12808
94693
76173
55427
905
50130
91064
20058
47863
87225
10762
38183
87298
43364
62542
92416
33516
77188
19418
18885
61619
72521
91938
99466
10557
33218
35619
77767
52354
85683
57170
65162
96728
49695
20590
13986
99826
28006
50396
47689
31583
77510
2225
35233
20875
64767
27649
54391
58307
47067
73277
19926
35940
81567
35745
46497
14785
87716
40617
67140
89752
14139
48654
2832
63834
69244
16818
80012
13603
83567
44054
61538
61077
46279
96772
81952
27398
24421
52696
2057
87841
25973
38336
23781
23892
90433
86631
38677
78149
27248
22169
84253
41387
70824
87086
21573
56420
20256
1586
86375
3823
61992
47914
81253
24623
44686
79557
52021
69107
32253
54078
73300
58226
8766
97082
98470
99199
83713
53500
77349
10961
75669
61602
68700
62845
65040
90273
19266
85297
8211
5641
5472
70203
69907
3077
94826
14593
82635
63199
53
14888
33630
73353
89467
42396
70435
87937
41596
54148
41437
35297
81461
33459
96899
66513
96304
78292
56787
31922
79941
64998
53916
85413
51554
23823
88491
46380
38417
87478
9580
54822
2366
43210
28175
91833
1958
98611
96123
43554
69111
37560
78851
66925
71019
92103
33438
83676
70395
6577
15598
50336
87928
85866
52101
39482
9690
56944
2214
64459
44422
11794
19281
63141
71356
47456
54974
73315
62419
67449
33221
47883
5010
12073
31160
92381
4176
64598
92409
90923
87528
8008
57611
75456
10226
26064
14938
19916
99361
17152
727
60135
45299
36360
23276
33007
169
94603
22674
62588
62052
55896
26823
83414
67969
57983
75796
88497
38934
68205
95772
26462
92565
69735
1918
19144
95799
16856
39060
11512
50360
56140
71648
95659
92500
94924
28667
92669
5879
51341
71610
67932
7237
14785
51346
91558
72769
43494
96407
11703
28052
92179
38165
36969
78266
56435
56113
74066
73291
11526
85578
40003
67666
73578
35663
76518
84855
80682
85540
90734
32023
73502
75018
55613
88287
26365
63523
77408
86211
59931
5463
14263
68462
59980
51233
46729
16415
23698
37147
6058
35224
39077
46062
19242
12656
81725
95761
97511
78759
97653
88245
10782
71155
63264
82747
59442
5981
46271
53203
92192
6202
58666
22808
91016
18647
90393
37745
35062
14091
74892
41121
65668
13970
3535
84910
42978
1612
97023
40489
80371
94676
45086
91153
65831
24702
90253
41626
30683
36524
94829
39228
59078
53495
78388
50094
88494
68781
4192
23557
99224
79084
81030
81244
9406
84565
66155
52384
86177
63178
9225
82900
57855
54312
90405
40038
79014
80658
81664
26050
17182
92845
65278
92612
62693
60018
42707
51187
45151
46899
91096
60727
42335
72126
41972
68094
73043
8127
36830
75572
71305
46056
58472
45512
16720
48878
85551
95734
29536
83567
38136
63071
76413
19766
55683
39106
79784
14742
6645
24935
77993
97742
85663
36681
86220
43987
4775
75616
52114
41605
51188
39771
4013
9661
85284
20733
74891
87187
32820
4427
70754
70956
83850
63519
90723
55886
2625
70507
86980
25623
11795
64974
39717
13810
18007
25937
57797
22782
1553
26263
80739
69094
66034
84753
78755
67670
21838
69998
54857
54658
90777
25612
25615
74628
89131
32690
46866
8109
19549
33846
50084
31344
15172
89801
61506
33179
32090
19303
72313
49996
45566
53053
19090
27953
54158
14197
95623
75996
84195
50481
47007
74972
92445
72622
49600
97928
5312
96466
22389
24861
46665
88825
72558
61837
78626
34064
95017
27069
69720
67330
77065
31638
36735
96155
59591
90893
10352
55215
83242
10899
22048
30249
85871
30845
19223
51824
45125
40887
64642
83867
65748
11307
72692
54658
73145
67671
5075
68162
94740
74795
51844
71805
6433
88580
84312
66025
95825
11016
37592
95419
21915
75992
25668
7786
23189
61243
59610
84666
2130
24253
68533
84231
51912
41226
38889
25057
25249
43964
9571
19989
35111
61416
8146
41545
66348
92458
23922
78525
19826
77866
73945
41741
70210
15965
65879
93399
77209
41842
78065
95691
82447
62951
79922
34359
20529
35164
59417
45778
95480
85340
82119
30592
63108
90265
88489
29456
99075
28763
24334
18901
6629
98279
76994
93191
30596
42873
86590
7805
1067
81007
3497
83514
43958
99771
17874
64487
34935
93643
26617
30416
78983
8736
61008
42092
99001
49497
71548
14428
94612
12234
49681
1241
10513
26675
94432
41110
85901
97374
65267
86968
94733
85116
70483
38692
84888
88357
19531
19823
82000
62501
66591
60983
71237
27599
19427
86591
93448
7328
1019
88060
19562
50701
5653
30076
77376
16437
87538
79629
30163
52805
66598
24897
54274
37081
79941
39162
41790
99472
75337
40142
61973
41929
17477
49563
85880
36905
36154
79329
44233
53525
83741
63795
4226
5747
10223
97955
22184
14113
77584
52348
83271
44182
93597
37545
97615
73538
76707
39405
89362
52044
79547
67688
10325
97025
17251
96206
50282
69757
91887
94515
23282
91980
58310
43861
97727
84886
41816
36264
98999
35752
4964
82270
96287
98561
19815
93902
88451
12874
49660
77813
81271
45559
45501
91596
42584
79104
87802
92866
48861
96041
3733
88496
88022
78396
32357
2101
63282
74173
38365
62281
26277
59681
60904
22564
58242
97071
16467
63045
9946
82479
40859
91217
28038
2712
82813
70623
98169
86968
79841
63382
83009
83575
51878
87383
78323
84235
89485
41605
74760
27850
20238
1038
87532
81142
23602
62126
94566
56421
41524
4512
38900
82383
95729
66939
1447
94894
53914
99616
98214
50107
62999
81224
50034
31229
68607
28357
15465
74444
69962
6577
2295
6553
7615
6179
4047
47570
84657
98613
20343
26181
3125
75596
24916
15206
58887
26364
26453
12801
42332
24667
62908
21683
22243
12943
52913
7203
57652
84730
81647
27615
91307
83942
50520
15275
6473
54567
79197
91131
53181
99540
17312
72658
91488
58581
87865
50375
84945
14318
63176
43629
38985
42437
65313
61229
71732
18226
84784
29384
19308
66431
73351
10615
66726
23871
25890
73199
78439
21439
64330
47972
37332
97995
20630
28820
56576
8495
79196
57873
39165
58724
1502
94503
1161
83167
72084
89245
1393
56868
18630
20701
23299
8333
47669
90025
32205
89911
63225
26996
11351
43907
74968
48683
58254
95598
93855
31182
20446
73051
89055
59611
31776
6910
54114
49289
90077
26198
38535
7823
83066
73517
44876
6366
81850
92545
12743
30407
98809
92320
57403
10160
36228
48723
75195
10834
44322
69050
42017
64768
58454
47424
40731
6582
54334
94846
55871
60764
37396
10758
68587
20463
84275
13463
43181
82478
22361
72276
29237
21170
64597
86641
47682
17177
35364
39229
28011
96038
24631
86380
77158
83085
33805
17890
89667
4491
29088
45539
65255
66484
72649
50194
3299
56925
80010
62832
55755
2371
35109
84992
39893
16058
87985
3927
33235
23350
43156
61246
35740
67787
47627
12899
67225
97784
47141
56892
2275
76229
18783
67531
59065
91433
34077
78717
64710
14087
41549
20465
32810
93010
5457
72703
9068
9795
92982
42303
33145
52490
19902
85237
20278
83881
14488
3855
81665
61629
60747
83940
54210
95883
67823
29628
87316
1901
8345
52026
32340
49894
88843
65151
59257
10652
54206
68325
20447
47189
26981
69944
99679
46883
55182
36309
47116
86022
40164
28781
47652
17264
29073
18214
13147
96897
47842
16815
15150
56187
85193
47490
22434
74036
28993
81691
1040
83200
66368
21488
30389
93349
7784
46420
56584
62966
99082
3700
48989
39246
32481
12993
72862
77907
31207
2361
91156
95402
19176
22658
51589
4369
70148
90375
94757
99142
88418
12150
98694
54787
33638
29083
64488
41422
91855
21073
20741
90937
41125
86082
46536
89959
15427
19398
67866
46634
21760
59022
42036
57288
81680
9978
78010
68180
16705
72767
83674
5124
1269
82368
76263
34907
27803
40751
92682
19659
78176
29775
10596
19302
15857
57132
9261
31284
92883
93479
94270
14643
68853
52659
71931
50533
62637
66293
35065
95694
55413
35092
818
56682
17460
77081
91590
45264
34185
624
81275
12361
30399
91871
48015
46256
65356
57276
93892
58239
67107
88162
72882
35960
57173
61165
2845
19810
27459
37911
31857
82872
73003
32675
39554
6815
26109
47496
52079
60294
48120
33354
89007
94871
41578
37023
41127
6934
10651
51371
81525
77759
55886
54407
30071
13059
31924
32917
49222
75735
70828
81079
74959
60183
30106
14514
66998
56215
78362
35430
32861
42835
85136
38221
37706
43066
75244
95186
50000
2247
46557
47877
96358
2443
2284
26430
15503
50561
59347
64725
26296
46527
45804
1256
6710
75910
32122
90060
48478
26836
25490
97691
69671
26979
35912
7378
70045
11156
18916
36398
29756
65473
84275
26114
84269
2912
68896
99772
69825
28243
80849
96121
74770
43005
13729
97832
35267
62203
4245
97
89040
46087
97789
75063
73066
33701
98793
59464
61210
17709
12214
90966
99535
96489
33432
83804
15753
2329
99928
85578
30572
97129
98052
21695
40134
28133
35879
91753
6689
40124
91851
95729
86212
89640
87144
75630
39693
2290
51446
903
19999
63660
91869
35886
60150
41654
19690
92255
43983
35970
94186
74555
33099
92238
12602
89585
36723
64834
97691
43412
4958
89542
55493
7522
95534
42638
99505
35227
44928
50951
36131
81279
14612
44352
17166
91114
86006
53208
83369
29989
5531
77555
20897
38630
86145
49851
44568
22869
14685
42259
66281
35996
31801
21775
43518
43687
80765
59375
78914
42045
10327
31397
23324
24939
92102
56842
32405
78108
10051
15774
24450
15582
9682
61699
70564
95827
27902
15132
35048
42588
73743
17682
78584
21896
39457
38454
65583
36574
14182
60850
78619
24509
8599
1943
65800
701
58786
98205
95162
85189
13979
19612
17123
40013
97663
87687
52193
25565
19172
87241
68153
9267
21275
63089
31164
60732
17896
96747
97306
32078
73949
92277
72939
82549
94221
38739
83250
69359
36944
78412
70900
67275
14376
88023
7289
12039
92062
75834
53957
27586
79427
22110
36854
703
1552
68018
77787
35800
81117
75094
84230
71419
83723
57169
53968
77944
95908
53570
63655
32852
31983
34555
16479
62711
38930
23768
91103
47345
15954
45060
74931
95382
83522
28137
96085
85074
12507
73872
37226
93625
65318
21456
65044
49042
78625
35364
43338
90885
88934
6994
23737
37269
57901
56569
99981
13184
96689
91084
60529
12644
52496
35460
8026
36018
79950
20463
37445
92457
10687
74671
2434
76006
12480
83830
41400
91105
19194
1090
81991
24481
24436
22080
61750
82338
78649
78083
95522
91691
69167
72403
4335
38015
24215
28713
74034
4165
49176
11479
96623
76215
2502
99057
68573
14982
82888
9973
6088
18434
27416
4431
42915
51852
42863
4666
34190
37865
99101
46064
29556
68269
34819
33891
22636
59035
78956
96670
63200
28132
8149
76175
20699
10652
75233
89273
41986
74473
99246
48074
9259
26662
68857
52175
94867
28073
73193
45409
65938