7677
8724
4966
1273
9327
1513
1601
9825
8052
852
9555
4837
4524
3541
3262
5491
8645
4698
6293
2072
8507
8778
8859
8827
7626
1518
8197
6107
9017
9504
3248
6694
8228
8214
4319
3908
6080
2272
85
484
9477
5992
5321
4001
9533
8584
5844
4530
3282
8489
6602
8141
7268
1813
6968
1246
3331
1518
3705
8701
7374
6953
1747
5602
1520
2419
5862
7600
4691
5947
4436
4168
1939
6109
8169
7824
4693
4013
2354
4327
2503
8956
8820
6123
7122
2141
7369
453
11
7426
5506
7385
4380
3606
9339
5900
6025
5202
9852
716
7501
640
1237
9441
6749
9406
3617
1443
9772
5972
2122
8627
1280
7295
1102
8402
5788
4823
5208
5799
2249
714
3184
2981
4320
8875
8881
6697
4077
5085
7414
1579
5725
8651
7372
2475
4409
989
270
533
3313
8744
9160
4594
2391
6614
9348
8179
1437
4556
3978
3687
1623
3514
6668
2295
8742
1902
8993
2819
3339
2759
750
5417
1410
4474
7892
2171
1816
4514
2705
1481
9610
8217
2427
2002
4832
1776
6533
6269
2684
6864
6308
4307
6730
9329
2955
5472
1231
1948
4644
4570
4707
1746
6339
2469
6221
4231
992
4389
5097
3697
5870
1060
8267
8298
3062
9451
6426
9595
2072
9110
2811
8381
3418
9542
7710
6373
5014
5293
4673
9658
6215
5732
1405
2555
8201
3978
3138
9193
8367
4588
9243
589
5648
7510
8887
8710
3313
5313
4657
5385
4424
7469
3766
4194
7011
7828
6919
8377
9473
7944
8036
5689
3676
5793
4596
8229
9771
4086
7422
4490
8674
3017
5079
4322
6879
319
9384
192
1984
394
5578
2760
4215
5696
6954
7578
9877
225
5955
9350
8169
343
1391
8197
6136
2339
6426
5907
6426
3849
6749
5100
3218
1829
9423
98
8500
5159
290
484
5553
2220
3245
9768
7917
6551
7346
7794
6777
3302
3496
1298
9997
4888
9496
6134
7227
5922
8393
3653
6123
5143
5106
9342
3324
4529
9440
1824
9688
6082
2308
1594
8303
1905
1362
2572
8457
5061
366
1586
4715
3862
2884
4712
5102
2380
846
8682
4655
9240
2335
778
735
7441
6472
4059
8322
5912
2235
4363
8347
895
5957
6650
2801
7319
5574
1258
2380
5940
2844
3447
6154
2080
8160
7609
4461
9006
6291
5468
4598
4978
6246
5333
2420
2719
5744
7094
4983
7979
1457
3330
5227
7414
6332
8028
1086
1906
5638
9818
4198
8482
3266
6705
562
7778
666
1375
6784
6957
6843
7735
1935
9442
3068
707
8513
5165
7802
3496
9496
5611
3179
4723
9378
5863
2751
6816
4122
4741
6634
4672
3223
6252
1377
138
4030
8395
7865
7167
5352
1061
4902
3640
503
4322
4347
5368
9487
8501
8864
5336
4113
8395
59
3491
4259
9163
6659
8381
3904
3293
9405
3480
5898
7135
9970
6280
5530
7835
3447
883
5248
4701
4523
2103
9024
5222
7471
4863
3724
2688
199
4189
1083
6611
4032
5342
5774
691
75
6030
336
9481
9510
6234
6616
5832
2515
8498
20
2314
9381
5268
7016
256
3724
2392
5479
1195
7255
5555
3883
7455
9744
4967
4066
128
6661
6192
819
3089
2222
1155
8922
8085
3742
1890
269
2609
388
289
4923
6122
1910
8291
6378
5634
683
8209
6829
7939
116
713
1746
6212
2032
2164
6340
5045
8356
7159
8134
6930
8315
7056
5015
2057
8946
1637
1018
5687
1926
5941
1809
3836
4233
4539
5822
1268
2749
2652
9207
2865
9717
7305
5430
8101
9469
1770
3146
7825
8930
7633
4756
3597
4689
6123
2006
9988
7760
3024
2027
6039
8965
3836
6227
9550
8375
2050
7171
7476
4702
2730
6694
771
36
2124
8872
9505
3894
8370
3683
2824
6003
4791
2773
7045
7266
4779
3385
1379
7803
5412
7418
3121
9248
9997
9023
3975
2047
6194
1452
3101
8925
8146
3872
5313
6622
9096
4818
516
7467
4853
9693
9822
9644
8818
6867
6911
3598
252
8290
7753
5664
2060
7226
1264
2057
6250
5240
4105
8796
3044
3558
4073
7542
7431
9386
4164
2879
557
1032
6698
5410
7077
6521
5055
5896
3388
8318
9494
9993
2960
3599
5657
5020
826
3274
3429
3428
8514
3886
2224
1558
7445
6298
9100
1228
2036
9616
4107
2593
648
806
8004
7726
7327
9411
3622
7067
7729
9468
7060
689
3067
9070
2061
3893
2344
5490
7321
858
9377
5898
8768
6822
8548
7868
8050
584
3836
8509
3178
4484
9315
7534
2210
2994
6945
2184
6414
1026
1652
3474
1715
4720
2544
3776
4965
1240
5618
2287
8450
4995
8185
7218
1817
6733
1438
6219
3669
5274
4729
3199
9759
396
733
8321
9743
4030
506
6157
5056
8510
9631
3123
3230
8528
3251
4548
9768
8870
6835
4571
3865
1372
1789
2035
4457
3228
4606
8126
4854
9335
7678
965
6084
8411
9287
5827
2442
6145
1984
3850
4655
7967
6974
4238
6495
6577
8786
2616
5447
1973
7187
5665
3345
5328
4052
4154
4908
8658
8632
9763
4346
6310
728
6782
1074
15
2609
3516
2512
4593
3718
7168
2560
7044
1406
5408
3622
6544
4376
5421
8517
7915
7438
8214
3243
7842
8720
8152
6501
7352
4267
7199
15
4995
3981
1089
1363
2942
957
3875
7535
4675
7395
6447
8072
5153
1855
1694
1697
2583
3467
6566
498
906
4780
94
8748
9852
4598
1601
7205
8865
5152
3572
212
5485
4661
1575
8427
5618
1803
5962
6645
5550
8762
4717
704
6969
2763
8753
9553
2583
5320
6403
3489
6452
6497
8589
6305
1095
6543
9862
9960
8047
3434
6525
3533
8095
8100
1960
65
6255
4275
3062
1806
9389
4132
8862
6358
3247
7615
5911
5830
2935
2315
5671
5740
5164
613
2045
6260
7156
1907
2572
5203
1693
9097
5088
9788
3550
3401
6205
6157
7676
5619
7963
7065
9751
6825
3423
9351
793
5687
5181
80
4354
853
5820
9518
7818
7865
2130
4974
6124
4703
6529
7817
152
1618
3957
54
5019
6514
6212
9047
2134
527
2464
8237
3705
2239
7588
4498